>> x = -20:20;
>> size(x)

ans =

     1    41

>> y = 1.5*x.^2 - 60*x + 10 + 30*randn(size(x));
>> size(x)

ans =

     1    41

>> size(y)

ans =

     1    41

>> figure;scatter(x,y);
>> X = [x(:).^2 x(:) ones(length(x),1)];
>> size(X)

ans =

    41     3

>> figure;imagesc(X);
>> colormap(gray);
>> colorbar;
>> figure;plot(X);
>> size(y)

ans =

     1    41

>> w = inv(X'*X)*X'*y(:);
>> size(w)

ans =

     3     1

>> w

w =

    1.4527
  -59.9812
   19.9513

>> size(X)

ans =

    41     3

>> size(w)

ans =

     3     1

>> modelfit = X*w;
>> size(modelfit)

ans =

    41     1

>> size(y)

ans =

     1    41

>> squarederror = sum((y(:)-modelfit).^2);
>> squ
??? Undefined function or variable 'squ'.

>> squarederror

squarederror =

   3.1431e+04

>> y

y =

   1.0e+03 *

  Columns 1 through 9

    1.7970    1.6415    1.5798    1.4721    1.3196    1.2832    1.1797    1.0424    0.9558

  Columns 10 through 18

    0.8567    0.7544    0.6933    0.5684    0.5690    0.4199    0.3509    0.3060    0.2053

  Columns 19 through 27

    0.1331    0.0465    0.0188   -0.0886   -0.0826   -0.1078   -0.2268   -0.2268   -0.2584

  Columns 28 through 36

   -0.3843   -0.4172   -0.3914   -0.4520   -0.4478   -0.4695   -0.4951   -0.4973   -0.5324

  Columns 37 through 41

   -0.5303   -0.6126   -0.5846   -0.5932   -0.6381

>> format long
>> y

y =

   1.0e+03 *

  Columns 1 through 4

   1.797023055654153   1.641532468652857   1.579759969194245   1.472130292610756

  Columns 5 through 8

   1.319605859479556   1.283227463969290   1.179674926049563   1.042371001702200

  Columns 9 through 12

   0.955818770842260   0.856739174284628   0.754398742669557   0.693273716448799

  Columns 13 through 16

   0.568350503709574   0.568995574545913   0.419908123507402   0.350917939405624

  Columns 17 through 20

   0.306003046340776   0.205278443815708   0.133130547835490   0.046529516090499

  Columns 21 through 24

   0.018832324491779  -0.088585455738134  -0.082570263445431  -0.107793138066612

  Columns 25 through 28

  -0.226753271051069  -0.226760099815152  -0.258379957351924  -0.384311887293424

  Columns 29 through 32

  -0.417228932957031  -0.391365571290255  -0.451996567331461  -0.447800078736070

  Columns 33 through 36

  -0.469531331333716  -0.495142750294973  -0.497292507352026  -0.532441984829539

  Columns 37 through 40

  -0.530274857772699  -0.612573713443218  -0.584593686733063  -0.593201518964959

  Column 41

  -0.638122566860035

>> format long g
>> y

y =

  Columns 1 through 3

          1797.02305565415          1641.53246865286          1579.75996919424

  Columns 4 through 6

          1472.13029261076          1319.60585947956          1283.22746396929

  Columns 7 through 9

          1179.67492604956           1042.3710017022           955.81877084226

  Columns 10 through 12

          856.739174284628          754.398742669557          693.273716448799

  Columns 13 through 15

          568.350503709574          568.995574545913          419.908123507402

  Columns 16 through 18

          350.917939405624          306.003046340776          205.278443815708

  Columns 19 through 21

           133.13054783549          46.5295160904993          18.8323244917792

  Columns 22 through 24

         -88.5854557381341         -82.5702634454314         -107.793138066612

  Columns 25 through 27

         -226.753271051069         -226.760099815152         -258.379957351924

  Columns 28 through 30

         -384.311887293424         -417.228932957031         -391.365571290255

  Columns 31 through 33

         -451.996567331461          -447.80007873607         -469.531331333716

  Columns 34 through 36

         -495.142750294973         -497.292507352026         -532.441984829539

  Columns 37 through 39

         -530.274857772699         -612.573713443218         -584.593686733063

  Columns 40 through 41

         -593.201518964959         -638.122566860035

>> squarederror

squarederror =

          31431.0339019547

>> figure;
>> hold on;
>> scatter(x,y,'r.');
>> ax = axis;
>> ax

ax =

         -20          20       -1000        2000

>> xx = linspace(ax(1),ax(2),100)';
>> size(xx)

ans =

   100     1

>> yy = [xx.^2 xx ones(length(xx),1)]*w;
>> plot(xx,yy,'k-');
>> xlabel('x');
>> ylabel('y');
>> title(sprintf('squared error = %.1f',squarederror));
>> close all
>> 
>> 
>> clc

>> x = 0:.05:3;
>> y = 5*x.^3.5 + 5*randn(size(x));
>> figure;scatter(x,y)
>> 
>> options = optimset('Display','iter','FunValCheck','on', ...
                   'MaxFunEvals',Inf,'MaxIter',Inf, ...
                   'TolFun',1e-6,'TolX',1e-6);
>> 
>> 
>> options

